p0001LL = [99.9994 0.0 1.0174];
p0002LL = [80.0 85.0 2.0];
p0003LL = [-25.0 10.0 -3.0];

COMO = [4398306.557 704149.609 4550154.455];

std_XLL = 0.1;
std_YLL = 0.1;
std_ZLL = 0.15;

BRUN_LL = [0 0 0];

Xi = sex2rad(10.23);
Eta = sex2rad(9.5);

deltaComoBrun_ITRF = [-1040.168;-72.970;1631.398];
covDeltaComoBrun_ITRF = [2e-6 0.5e-6 0.5e-6;0.5e-6 1e-6 0.5e-6;0.5e-6 0.5e-6 2e-6];
deltaBrunP0001_ITRF = [-51.130;76.749;38.681];
covDeltaBrunP0001_ITRF = [1.5e-6 0.3e-6 0.3e-6;0.3e-6 1e-6 0.2e-6;0.3e-6 0.2e-6 2e-6];






